257147
464449
545283
809733
912710
1209614
1329204
1623323
1804578
2196716
2196716
2.0836093500423036
257147
449055
529889
794339
897316
1194220
1313810
1607929
1789184
2181322
2181322
2.0690079712866742
257147
464449
550199
818037
929148
1227586
1347176
1641440
1822695
2214833
2214833
2.100793524325514
257147
442433
528183
796021
907132
1205570
1325160
1619424
1800679
2192817
2192817
2.079911105546513
257147
464449
543226
807291
910268
1205434
1324452
1618571
1800967
2193105
2193105
2.080184276722401
257147
449055
527832
791897
894874
1190040
1309058
1603177
1785573
2177711
2177711
2.0655828979667716
257147
464449
549473
817311
928422
1225771
1344789
1639053
1821449
2213587
2213587
2.099611679585387
257147
442433
527457
795295
906406
1203755
1322773
1617037
1799433
2191571
2191571
2.0787292608063863
257147
464449
545283
809733
912710
1209614
1329204
1607487
1788742
2180880
2180880
2.068588729412568
257147
442691
523525
787975
890952
1187856
1307446
1585729
1766984
2159122
2159122
2.047951026478634
257147
464449
543226
807291
910268
1205434
1324452
1602735
1785131
2177269
2177269
2.0651636560926656
257147
442691
521468
785533
888510
1183676
1302694
1580977
1763373
2155511
2155511
2.044525953158731
257147
464449
545283
809733
892055
1188959
1308549
1586832
1768087
2160225
2160225
2.048997234141844
257147
442691
523525
787975
870297
1167201
1286791
1565074
1746329
2138467
2138467
2.0283595312079097
258467
465769
544216
825710
908032
1203198
1322216
1600499
1782895
2175033
2175033
2.0630427854354236
257147
464449
542896
806499
888821
1183987
1303005
1581288
1763684
2155822
2155822
2.0448209400882496
258467
444011
522458
803952
886274
1181440
1300458
1578741
1761137
2153275
2153275
2.042405082501489
257147
442691
521138
784741
867063
1162229
1281247
1559530
1741926
2134064
2134064
2.024183237154315
257147
464382
545216
809666
912643
1209448
1324558
1618677
1799932
2192070
2192070
2.0792025678090535
257147
448988
529822
794272
897249
1194054
1309164
1603283
1784538
2176676
2176676
2.0646011890534237
257147
464382
550132
817970
929081
1227420
1342530
1636794
1818049
2210187
2210187
2.0963867420922635
257147
442366
528116
795954
907065
1205404
1320514
1614778
1796033
2188171
2188171
2.075504323313263
257147
464382
543159
807224
910201
1205268
1319806
1613925
1796321
2188459
2188459
2.075777494489151
257147
448988
527765
791830
894807
1189874
1304412
1598531
1780927
2173065
2173065
2.0611761157335216
257147
464382
549406
817244
928355
1225605
1340143
1634407
1816803
2208941
2208941
2.0952048973521364
257147
442366
527390
795228
906339
1203589
1318127
1612391
1794787
2186925
2186925
2.074322478573136
257147
464382
545216
809666
912643
1209448
1324558
1602841
1784096
2176234
2176234
2.0641819471793177
257147
442624
523458
787908
890885
1187690
1302800
1581083
1762338
2154476
2154476
2.0435442442453837
257147
464382
543159
807224
910201
1205268
1319806
1598089
1780485
2172623
2172623
2.0607568738594155
257147
442624
521401
785466
888443
1183510
1298048
1576331
1758727
2150865
2150865
2.040119170925481
257147
464382
545216
809666
891988
1188793
1303903
1582186
1763441
2155579
2155579
2.044590451908594
257147
442624
523458
787908
870230
1167035
1282145
1560428
1741683
2133821
2133821
2.0239527489746596
258467
465702
544149
825643
907965
1203032
1317570
1595853
1778249
2170387
2170387
2.058636003202173
257147
464382
542829
806432
888754
1183821
1298359
1576642
1759038
2151176
2151176
2.040414157854999
258467
443944
522391
803885
886207
1181274
1295812
1574095
1756491
2148629
2148629
2.037998300268239
257147
442624
521071
784674
866996
1162063
1276601
1554884
1737280
2129418
2129418
2.019776454921065
257738
465040
547610
818006
920983
1219151
1339157
1639334
1822653
2216687
2216687
2.1025520637702932
257738
449646
532216
802612
905589
1203757
1323763
1623940
1807259
2201293
2201293
2.087950685014664
257738
465040
551318
824486
935597
1234827
1354833
1655155
1838474
2232508
2232508
2.117558456734618
257738
443024
529302
802470
913581
1212811
1332817
1633139
1816458
2210492
2210492
2.0966760379556173
257738
465040
543817
813212
916189
1211355
1330373
1630550
1813869
2207903
2207903
2.0942203429057065
257738
449646
528423
797818
900795
1195961
1314979
1615156
1798475
2192509
2192509
2.079618964150077
257738
465040
550064
823232
934343
1231692
1350710
1651032
1834351
2228385
2228385
2.1136477457686924
257738
443024
528048
801216
912327
1209676
1328694
1629016
1812335
2206369
2206369
2.0927653269896918
257738
465040
547610
818006
920983
1219151
1339157
1625210
1808529
2202563
2202563
2.089155294019448
257738
443970
526540
796936
899913
1198081
1318087
1604140
1787459
2181493
2181493
2.069170166672358
257738
465040
543817
813212
916189
1211355
1330373
1616426
1799745
2193779
2193779
2.0808235731548614
257738
443970
522747
792142
895119
1190285
1309303
1595356
1778675
2172709
2172709
2.060838445807771
257738
464973
547543
817939
920916
1218985
1334511
1634688
1818007
2212041
2212041
2.098145281537043
257738
449579
532149
802545
905522
1203591
1319117
1619294
1802613
2196647
2196647
2.0835439027814138
257738
464973
551251
824419
935530
1234661
1350187
1650509
1833828
2227862
2227862
2.113151674501368
257738
442957
529235
802403
913514
1212645
1328171
1628493
1811812
2205846
2205846
2.092269255722367
257738
464973
543750
813145
916122
1211189
1325727
1625904
1809223
2203257
2203257
2.0898135606724564
257738
449579
528356
797751
900728
1195795
1310333
1610510
1793829
2187863
2187863
2.075212181916827
257738
464973
549997
823165
934276
1231526
1346064
1646386
1829705
2223739
2223739
2.109240963535442
257738
442957
527981
801149
912260
1209510
1324048
1624370
1807689
2201723
2201723
2.0883585447564412
257738
464973
547543
817939
920916
1218985
1334511
1620564
1803883
2197917
2197917
2.084748511786198
257738
443903
526473
796869
899846
1197915
1313441
1599494
1782813
2176847
2176847
2.0647633844391073
257738
464973
543750
813145
916122
1211189
1325727
1611780
1795099
2189133
2189133
2.0764167909216114
257738
443903
522680
792075
895052
1190119
1304657
1590710
1774029
2168063
2168063
2.0564316635745206
257147
464449
699702
964152
1067129
1364033
1483623
1777742
1958997
2351135
2351135
2.230077474380717
257147
449055
684308
948758
1051735
1348639
1468229
1762348
1943603
2335741
2335741
2.2154760956250876
257147
464449
704618
972456
1083567
1382005
1501595
1795859
1977114
2369252
2369252
2.2472616486639274
257147
442433
682602
950440
1061551
1359989
1479579
1773843
1955098
2347236
2347236
2.2263792298849268
257147
464449
697645
961710
1064687
1359853
1478871
1772990
1955386
2347524
2347524
2.226652401060815
257147
449055
682251
946316
1049293
1344459
1463477
1757596
1939992
2332130
2332130
2.2120510223051855
257147
464449
703892
971730
1082841
1380190
1499208
1793472
1975868
2368006
2368006
2.2460798039238004
257147
442433
681876
949714
1060825
1358174
1477192
1771456
1953852
2345990
2345990
2.2251973851447997
257147
464449
699702
964152
1067129
1364033
1483623
1761906
1943161
2335299
2335299
2.2150568537509816
257147
442691
677944
942394
1045371
1342275
1461865
1740148
1921403
2313541
2313541
2.194419150817047
257147
464449
697645
961710
1064687
1359853
1478871
1757154
1939550
2331688
2331688
2.2116317804310794
257147
442691
675887
939952
1042929
1338095
1457113
1735396
1917792
2309930
2309930
2.190994077497145
257147
464449
699702
964152
1046474
1343378
1462968
1741251
1922506
2314644
2314644
2.1954653584802575
257147
442691
677944
942394
1024716
1321620
1441210
1719493
1900748
2292886
2292886
2.1748276555463235
258467
465769
698635
980129
1062451
1357617
1476635
1754918
1937314
2329452
2329452
2.209510909773837
257147
464449
697315
960918
1043240
1338406
1457424
1735707
1918103
2310241
2310241
2.191289064426663
258467
444011
676877
958371
1040693
1335859
1454877
1733160
1915556
2307694
2307694
2.1888732068399026
257147
442691
675557
939160
1021482
1316648
1435666
1713949
1896345
2288483
2288483
2.1706513614927285
257147
464382
699635
964085
1067062
1363867
1478977
1773096
1954351
2346489
2346489
2.225670692147467
257147
448988
684241
948691
1051668
1348473
1463583
1757702
1938957
2331095
2331095
2.2110693133918375
257147
464382
704551
972389
1083500
1381839
1496949
1791213
1972468
2364606
2364606
2.2428548664306773
257147
442366
682535
950373
1061484
1359823
1474933
1769197
1950452
2342590
2342590
2.2219724476516762
257147
464382
697578
961643
1064620
1359687
1474225
1768344
1950740
2342878
2342878
2.2222456188275643
257147
448988
682184
946249
1049226
1344293
1458831
1752950
1935346
2327484
2327484
2.207644240071935
257147
464382
703825
971663
1082774
1380024
1494562
1788826
1971222
2363360
2363360
2.2416730216905503
257147
442366
681809
949647
1060758
1358008
1472546
1766810
1949206
2341344
2341344
2.2207906029115496
257147
464382
699635
964085
1067062
1363867
1478977
1757260
1938515
2330653
2330653
2.2106500715177315
257147
442624
677877
942327
1045304
1342109
1457219
1735502
1916757
2308895
2308895
2.190012368583797
257147
464382
697578
961643
1064620
1359687
1474225
1752508
1934904
2327042
2327042
2.207224998197829
257147
442624
675820
939885
1042862
1337929
1452467
1730750
1913146
2305284
2305284
2.186587295263895
257147
464382
699635
964085
1046407
1343212
1458322
1736605
1917860
2309998
2309998
2.1910585762470074
257147
442624
677877
942327
1024649
1321454
1436564
1714847
1896102
2288240
2288240
2.170420873313073
258467
465702
698568
980062
1062384
1357451
1471989
1750272
1932668
2324806
2324806
2.205104127540587
257147
464382
697248
960851
1043173
1338240
1452778
1731061
1913457
2305595
2305595
2.186882282193413
258467
443944
676810
958304
1040626
1335693
1450231
1728514
1910910
2303048
2303048
2.1844664246066525
257147
442624
675490
939093
1021415
1316482
1431020
1709303
1891699
2283837
2283837
2.1662445792594784
257738
465040
702029
972425
1075402
1373570
1493576
1793753
1977072
2371106
2371106
2.249020188108707
257738
449646
686635
957031
1060008
1358176
1478182
1778359
1961678
2355712
2355712
2.2344188093530777
257738
465040
705737
978905
1090016
1389246
1509252
1809574
1992893
2386927
2386927
2.2640265810730313
257738
443024
683721
956889
1068000
1367230
1487236
1787558
1970877
2364911
2364911
2.2431441622940307

SiradanCizelgeleme.py

