237796.5
675521.5
906324.0
1296737.0
1646827.5
1963674.5
2224565.0
2402222.0
2718585.0
2929363.5
2929363.5
237796.5
675521.5
906324.0
1296737.0
1646827.5
1963674.5
2279653.0
2457310.0
2773673.0
2984451.5
2984451.5
237796.5
675521.5
938034.0
1328447.0
1678537.5
1995384.5
2256275.0
2433932.0
2750295.0
2961073.5
2961073.5
237796.5
675521.5
938034.0
1328447.0
1678537.5
1995384.5
2311363.0
2489020.0
2805383.0
3016161.5
3016161.5
237796.5
675521.5
938034.0
1328447.0
1678537.5
1995384.5
2256275.0
2433932.0
2750295.0
2961073.5
2961073.5
237796.5
675521.5
906324.0
1296737.0
1646827.5
1963674.5
2224565.0
2402222.0
2718585.0
2929363.5
2929363.5
237796.5
675521.5
938034.0
1328447.0
1678537.5
1995384.5
2311363.0
2489020.0
2805383.0
3016161.5
3016161.5
237796.5
675521.5
938034.0
1328505.0
1678595.5
1995442.5
2284726.5
2488245.5
2804608.5
3017287.5
3017287.5
237796.5
675521.5
938034.0
1328505.0
1678595.5
1995442.5
2339814.5
2543333.5
2859696.5
3072375.5
3072375.5
237796.5
675521.5
906324.0
1296737.0
1646827.5
1963674.5
2224565.0
2402222.0
2718585.0
2929363.5
2929363.5
237796.5
675521.5
906324.0
1296737.0
1646827.5
1963674.5
2279653.0
2457310.0
2773673.0
2984451.5
2984451.5
237796.5
675521.5
938034.0
1328505.0
1678595.5
1995442.5
2284726.5
2488245.5
2804608.5
3017287.5
3017287.5
237796.5
675521.5
906324.0
1296737.0
1646827.5
1963674.5
2279653.0
2457310.0
2773673.0
2984451.5
2984451.5
237796.5
675521.5
906324.0
1296737.0
1646827.5
1963674.5
2279653.0
2457310.0
2773673.0
2984451.5
2984451.5
237796.5
675521.5
938034.0
1328505.0
1678595.5
1995442.5
2284726.5
2488245.5
2804608.5
3017287.5
3017287.5
237796.5
675521.5
938034.0
1328505.0
1678595.5
1995442.5
2339814.5
2543333.5
2859696.5
3072375.5
3072375.5
237796.5
675521.5
906324.0
1296737.0
1646827.5
1963674.5
2224565.0
2402222.0
2718585.0
2929363.5
2929363.5
237796.5
675521.5
938034.0
1328447.0
1678537.5
1995384.5
2311363.0
2489020.0
2805383.0
3016161.5
3016161.5
237796.5
675521.5
906324.0
1154783.0
1504873.5
1821720.5
2140511.0
2318168.0
2634531.0
2845309.5
2845309.5
237796.5
675521.5
938034.0
1191771.0
1541861.5
1858708.5
2244593.0
2448112.0
2764475.0
2977154.0
2977154.0
237796.5
675521.5
938034.0
1186493.0
1536583.5
1853430.5
2172221.0
2349878.0
2666241.0
2877019.5
2877019.5
237796.5
675521.5
938034.0
1191771.0
1541861.5
1858708.5
2244593.0
2448112.0
2764475.0
2977154.0
2977154.0
237796.5
675521.5
938034.0
1191771.0
1541861.5
1858708.5
2244593.0
2448112.0
2764475.0
2977154.0
2977154.0
237796.5
675521.5
938034.0
1186493.0
1536583.5
1853430.5
2172221.0
2349878.0
2666241.0
2877019.5
2877019.5
237796.5
675521.5
938034.0
1186493.0
1536583.5
1853430.5
2172221.0
2349878.0
2666241.0
2877019.5
2877019.5
237796.5
675521.5
938034.0
1186493.0
1536583.5
1853430.5
2172221.0
2349878.0
2666241.0
2877019.5
2877019.5
237796.5
675521.5
938034.0
1191771.0
1541861.5
1858708.5
2225453.0
2428972.0
2745335.0
2958014.0
2958014.0
237796.5
675521.5
906324.0
1154783.0
1504873.5
1821720.5
2140511.0
2318168.0
2634531.0
2845309.5
2845309.5
237796.5
675521.5
906324.0
1154783.0
1504873.5
1821720.5
2140511.0
2318168.0
2634531.0
2845309.5
2845309.5
237796.5
675521.5
938034.0
1191771.0
1541861.5
1858708.5
2225453.0
2428972.0
2745335.0
2958014.0
2958014.0
237796.5
675521.5
906324.0
1154783.0
1504873.5
1821720.5
2140511.0
2318168.0
2634531.0
2845309.5
2845309.5
237796.5
675521.5
906324.0
1154783.0
1504873.5
1821720.5
2140511.0
2318168.0
2634531.0
2845309.5
2845309.5
237796.5
675521.5
906324.0
1160061.0
1510151.5
1826998.5
2193743.0
2397262.0
2713625.0
2926304.0
2926304.0
237796.5
675521.5
906324.0
1154783.0
1504873.5
1821720.5
2140511.0
2318168.0
2634531.0
2845309.5
2845309.5
237796.5
675521.5
938034.0
1186493.0
1536583.5
1853430.5
2172221.0
2349878.0
2666241.0
2877019.5
2877019.5
237796.5
675521.5
906324.0
1154783.0
1504873.5
1821720.5
2140511.0
2318168.0
2634531.0
2845309.5
2845309.5
179046.5
638266.5
900779.0
1291192.0
1641282.5
1958129.5
2274108.0
2451765.0
2786251.5
2997030.0
2997030.0
179046.5
638266.5
900779.0
1291192.0
1641282.5
1958129.5
2219020.0
2396677.0
2731163.5
2941942.0
2941942.0
179046.5
638266.5
869069.0
1259482.0
1609572.5
1926419.5
2242398.0
2420055.0
2754541.5
2965320.0
2965320.0
179046.5
638266.5
900779.0
1291250.0
1641340.5
1958187.5
2247471.5
2450990.5
2785477.0
2998156.0
2998156.0
179046.5
638266.5
869069.0
1259482.0
1609572.5
1926419.5
2187310.0
2364967.0
2699453.5
2910232.0
2910232.0
179046.5
638266.5
900779.0
1291192.0
1641282.5
1958129.5
2219020.0
2396677.0
2731163.5
2941942.0
2941942.0
179046.5
638266.5
900779.0
1291250.0
1641340.5
1958187.5
2302559.5
2506078.5
2840565.0
3053244.0
3053244.0
179046.5
638266.5
900779.0
1291250.0
1641340.5
1958187.5
2302559.5
2506078.5
2840565.0
3053244.0
3053244.0
179046.5
638266.5
900779.0
1291250.0
1641340.5
1958187.5
2302559.5
2506078.5
2840565.0
3053244.0
3053244.0
179046.5
638266.5
900779.0
1291192.0
1641282.5
1958129.5
2274108.0
2451765.0
2786251.5
2997030.0
2997030.0
179046.5
638266.5
900779.0
1291192.0
1641282.5
1958129.5
2219020.0
2396677.0
2731163.5
2941942.0
2941942.0
179046.5
638266.5
900779.0
1291192.0
1641282.5
1958129.5
2219020.0
2396677.0
2731163.5
2941942.0
2941942.0
179046.5
638266.5
900779.0
1149238.0
1499328.5
1816175.5
2154106.0
2331763.0
2666249.5
2877028.0
2877028.0
179046.5
638266.5
900779.0
1154516.0
1504606.5
1821453.5
2188198.0
2391717.0
2726203.5
2938882.5
2938882.5
179046.5
638266.5
869069.0
1117528.0
1467618.5
1784465.5
2122396.0
2300053.0
2634539.5
2845318.0
2845318.0
179046.5
638266.5
900779.0
1149238.0
1499328.5
1816175.5
2154106.0
2331763.0
2666249.5
2877028.0
2877028.0
179046.5
638266.5
869069.0
1117528.0
1467618.5
1784465.5
2122396.0
2300053.0
2634539.5
2845318.0
2845318.0
179046.5
638266.5
869069.0
1117528.0
1467618.5
1784465.5
2122396.0
2300053.0
2634539.5
2845318.0
2845318.0
179046.5
638266.5
869069.0
1117528.0
1467618.5
1784465.5
2103256.0
2280913.0
2615399.5
2826178.0
2826178.0
179046.5
638266.5
869069.0
1122806.0
1472896.5
1789743.5
2156488.0
2360007.0
2694493.5
2907172.5
2907172.5
179046.5
638266.5
900779.0
1149238.0
1499328.5
1816175.5
2154106.0
2331763.0
2666249.5
2877028.0
2877028.0
179046.5
638266.5
869069.0
1117528.0
1467618.5
1784465.5
2122396.0
2300053.0
2634539.5
2845318.0
2845318.0
179046.5
638266.5
900779.0
1149238.0
1499328.5
1816175.5
2134966.0
2312623.0
2647109.5
2857888.0
2857888.0
179046.5
638266.5
900779.0
1154516.0
1504606.5
1821453.5
2207338.0
2410857.0
2745343.5
2958022.5
2958022.5
237796.5
675521.5
938034.0
1328447.0
1506547.0
1823394.0
2139372.5
2317029.5
2633392.5
2844171.0
2844171.0
237796.5
675521.5
906324.0
1296795.0
1474895.0
1791742.0
2081026.0
2284545.0
2600908.0
2813587.0
2813587.0
237796.5
675521.5
906324.0
1296737.0
1474837.0
1791684.0
2052574.5
2230231.5
2546594.5
2757373.0
2757373.0
237796.5
675521.5
938034.0
1328447.0
1506547.0
1823394.0
2084284.5
2261941.5
2578304.5
2789083.0
2789083.0
237796.5
675521.5
938034.0
1328447.0
1506547.0
1823394.0
2084284.5
2261941.5
2578304.5
2789083.0
2789083.0
237796.5
675521.5
938034.0
1328505.0
1506605.0
1823452.0
2167824.0
2371343.0
2687706.0
2900385.0
2900385.0
237796.5
675521.5
906324.0
1296737.0
1474837.0
1791684.0
2107662.5
2285319.5
2601682.5
2812461.0
2812461.0
237796.5
675521.5
938034.0
1328447.0
1506547.0
1823394.0
2084284.5
2261941.5
2578304.5
2789083.0
2789083.0
237796.5
675521.5
938034.0
1328447.0
1506547.0
1823394.0
2139372.5
2317029.5
2633392.5
2844171.0
2844171.0
237796.5
675521.5
906324.0
1296737.0
1474837.0
1791684.0
2107662.5
2285319.5
2601682.5
2812461.0
2812461.0
237796.5
675521.5
938034.0
1328447.0
1506547.0
1823394.0
2139372.5
2317029.5
2633392.5
2844171.0
2844171.0
237796.5
675521.5
938034.0
1328447.0
1506547.0
1823394.0
2139372.5
2317029.5
2633392.5
2844171.0
2844171.0
237796.5
675521.5
938034.0
1328505.0
1506605.0
1823452.0
2112736.0
2316255.0
2632618.0
2845297.0
2845297.0
237796.5
675521.5
938034.0
1328505.0
1506605.0
1823452.0
2112736.0
2316255.0
2632618.0
2845297.0
2845297.0
237796.5
675521.5
906324.0
1296737.0
1474837.0
1791684.0
2107662.5
2285319.5
2601682.5
2812461.0
2812461.0
237796.5
675521.5
906324.0
1296737.0
1474837.0
1791684.0
2107662.5
2285319.5
2601682.5
2812461.0
2812461.0
237796.5
675521.5
938034.0
1328505.0
1506605.0
1823452.0
2112736.0
2316255.0
2632618.0
2845297.0
2845297.0
237796.5
675521.5
906324.0
1296737.0
1474837.0
1791684.0
2052574.5
2230231.5
2546594.5
2757373.0
2757373.0
237796.5
675521.5
938034.0
1186493.0
1364593.0
1681440.0
2019370.5
2197027.5
2513390.5
2724169.0
2724169.0
237796.5
675521.5
938034.0
1186493.0
1364593.0
1681440.0
2000230.5
2177887.5
2494250.5
2705029.0
2705029.0
237796.5
675521.5
906324.0
1154783.0
1332883.0
1649730.0
1987660.5
2165317.5
2481680.5
2692459.0
2692459.0
237796.5
675521.5
938034.0
1191771.0
1369871.0
1686718.0
2072602.5
2276121.5
2592484.5
2805163.5
2805163.5
237796.5
675521.5
938034.0
1191771.0
1369871.0
1686718.0
2072602.5
2276121.5
2592484.5
2805163.5
2805163.5
237796.5
675521.5
906324.0
1154783.0
1332883.0
1649730.0
1968520.5
2146177.5
2462540.5
2673319.0
2673319.0
237796.5
675521.5
938034.0
1186493.0
1364593.0
1681440.0
2019370.5
2197027.5
2513390.5
2724169.0
2724169.0
237796.5
675521.5
938034.0
1186493.0
1364593.0
1681440.0
2000230.5
2177887.5
2494250.5
2705029.0
2705029.0
237796.5
675521.5
906324.0
1154783.0
1332883.0
1649730.0
1987660.5
2165317.5
2481680.5
2692459.0
2692459.0
237796.5
675521.5
938034.0
1191771.0
1369871.0
1686718.0
2053462.5
2256981.5
2573344.5
2786023.5
2786023.5
237796.5
675521.5
938034.0
1191771.0
1369871.0
1686718.0
2053462.5
2256981.5
2573344.5
2786023.5
2786023.5
237796.5
675521.5
906324.0
1154783.0
1332883.0
1649730.0
1987660.5
2165317.5
2481680.5
2692459.0
2692459.0
237796.5
675521.5
938034.0
1186493.0
1364593.0
1681440.0
2019370.5
2197027.5
2513390.5
2724169.0
2724169.0
237796.5
675521.5
906324.0
1154783.0
1332883.0
1649730.0
1968520.5
2146177.5
2462540.5
2673319.0
2673319.0
237796.5
675521.5
906324.0
1154783.0
1332883.0
1649730.0
1987660.5
2165317.5
2481680.5
2692459.0
2692459.0
237796.5
675521.5
906324.0
1154783.0
1332883.0
1649730.0
1968520.5
2146177.5
2462540.5
2673319.0
2673319.0
237796.5
675521.5
938034.0
1186493.0
1364593.0
1681440.0
2019370.5
2197027.5
2513390.5
2724169.0
2724169.0
237796.5
675521.5
906324.0
1154783.0
1332883.0
1649730.0
1987660.5
2165317.5
2481680.5
2692459.0
2692459.0
179046.5
638266.5
900779.0
1291192.0
1469292.0
1786139.0
2102117.5
2279774.5
2614261.0
2825039.5
2825039.5
179046.5
638266.5
900779.0
1291192.0
1469292.0
1786139.0
2102117.5
2279774.5
2614261.0
2825039.5
2825039.5
179046.5
638266.5
869069.0
1259540.0
1437640.0
1754487.0
2043771.0
2247290.0
2581776.5
2794455.5
2794455.5
179046.5
638266.5
900779.0
1291192.0
1469292.0
1786139.0
2047029.5
2224686.5
2559173.0
2769951.5
2769951.5

SiradanCizelgeleme.py

