3082829.5
3082829.5
3032067.5
3136000.0
3087155.5
3136000.0
3087155.5
3032067.5
3143398.0
3198486.0
3032067.5
3137917.5
3198486.0
3032067.5
3032067.5
3137917.5
3137917.5
3143398.0
3077286.0
2948013.5
3023556.0
2967153.5
3023556.0
3013659.5
3013659.5
3013659.5
3042696.0
2948013.5
3023556.0
3096426.0
3023556.0
3042696.0
3077286.0
3077286.0
2948013.5
3042696.0
3057263.0
3102352.5
3164838.5
3109750.5
3006501.0
3006501.0
3102352.5
3061589.0
3164838.5
3057263.0
3057263.0
3109750.5
2980012.0
2941587.0
3017129.5
2922447.0
3043638.5
2922447.0
3062778.5
3017129.5
3017129.5
3043638.5
2941587.0
2941587.0
2965927.0
3026495.5
2860077.0
2860077.0
2971407.5
3026495.5
2915165.0
2860077.0
2964009.5
2915165.0
3026495.5
2860077.0
2915165.0
2964009.5
2910839.0
2964009.5
2971407.5
2964009.5
2924435.5
2795163.0
2851565.5
2924435.5
2870705.5
2841669.0
2870705.5
2795163.0
2841669.0
2776023.0
2795163.0
2795163.0
2795163.0
2795163.0
2841669.0
2776023.0
2841669.0
2924435.5
2889598.5
2885272.5
2937760.0
2889598.5

SiradanCizelgeleme.py

