3049202.0
3040665.5
3080912.0
3104290.0
3166776.0
2985577.5
3111688.0
3104290.0
3104290.0
3166776.0
3040665.5
3049202.0
3111688.0
3104290.0
3080912.0
2985577.5
3111688.0
3111688.0
3064716.0
2945444.0
2981949.5
2945444.0
2962809.5
2981949.5
2962809.5
2945444.0
2945444.0
2962809.5
2945444.0
3064716.0
3045576.0
2994519.5
2981949.5
2962809.5
2926304.0
3064716.0
3070642.5
3070642.5
3015554.5
3047264.5
3047264.5
3021534.0
3047264.5
3070642.5
3021534.0
3047264.5
3015554.5
3047264.5
2907172.5
2960872.0
2948302.0
3011928.5
2929162.0
2948302.0
2929162.0
2960872.0
3031068.5
2960872.0
2948302.0
3031068.5
2813587.0
2932299.5
2939697.5
2994785.5
2939697.5
2813587.0
2877211.5
2813587.0
2868675.0
2932299.5
2994785.5
2908921.5
2908921.5
2868675.0
2868675.0
2939697.5
2908921.5
2908921.5
2822529.0
2754313.5
2892725.5
2873585.5
2790819.0
2790819.0
2790819.0
2873585.5
2790819.0
2892725.5
2822529.0
2809959.0
2790819.0
2790819.0
2790819.0
2809959.0
2841669.0
2809959.0
2875274.0
2906050.0
2961138.0
2930362.0

SiradanCizelgeleme.py

