2929363.5
2984451.5
2961073.5
3016161.5
2961073.5
2929363.5
3016161.5
3017287.5
3072375.5
2929363.5
2984451.5
3017287.5
2984451.5
2984451.5
3017287.5
3072375.5
2929363.5
3016161.5
2845309.5
2977154.0
2877019.5
2977154.0
2977154.0
2877019.5
2877019.5
2877019.5
2958014.0
2845309.5
2845309.5
2958014.0
2845309.5
2845309.5
2926304.0
2845309.5
2877019.5
2845309.5
2997030.0
2941942.0
2965320.0
2998156.0
2910232.0
2941942.0
3053244.0
3053244.0
3053244.0
2997030.0
2941942.0
2941942.0
2877028.0
2938882.5
2845318.0
2877028.0
2845318.0
2845318.0
2826178.0
2907172.5
2877028.0
2845318.0
2857888.0
2958022.5
2844171.0
2813587.0
2757373.0
2789083.0
2789083.0
2900385.0
2812461.0
2789083.0
2844171.0
2812461.0
2844171.0
2844171.0
2845297.0
2845297.0
2812461.0
2812461.0
2845297.0
2757373.0
2724169.0
2705029.0
2692459.0
2805163.5
2805163.5
2673319.0
2724169.0
2705029.0
2692459.0
2786023.5
2786023.5
2692459.0
2724169.0
2673319.0
2692459.0
2673319.0
2724169.0
2692459.0
2825039.5
2825039.5
2794455.5
2769951.5

SiradanCizelgeleme.py

