3202294.0
3098989.5
3098989.5
3202294.0
3202294.0
3147206.0
3103315.5
3098989.5
3208940.0
3147206.0
3202294.0
3147206.0
3154077.5
3098989.5
3048227.5
3208940.0
3098989.5
3048227.5
2964173.5
3079953.5
2964173.5
3060813.5
3060813.5
3060813.5
3039716.0
2983313.5
3079953.5
2964173.5
3058856.0
2964173.5
2983313.5
3058856.0
3060813.5
2964173.5
3039716.0
3039716.0
3022661.0
3077749.0
3128511.0
3022661.0
3162211.5
3077749.0
3128511.0
3077749.0
3022661.0
3073423.0
3162211.5
3073423.0
2938607.0
3039871.0
3020731.0
2938607.0
2957747.0
2938607.0
3033289.5
3033289.5
3020731.0
2957747.0
3020731.0
3039871.0
2876237.0
2876237.0
2931325.0
3030303.5
2931325.0
2975215.5
2926999.0
3036949.5
3030303.5
2931325.0
2931325.0
3036949.5
2975215.5
3030303.5
2975215.5
2982087.0
2931325.0
3030303.5
2886865.5
2888823.0
2792183.0
2811323.0
2886865.5
2888823.0
2888823.0
2886865.5
2792183.0
2867725.5
2811323.0
2792183.0
2888823.0
2907963.0
2811323.0
2811323.0
2886865.5
2811323.0
2935133.0
2990221.0
2990221.0
2990221.0

SiradanCizelgeleme.py

