4506970.0
4529550.0
4488643.0
4486830.0
4439033.0
4556322.0
4438567.0
4463391.0
4511739.0
4497410.0
4431132.0
4504370.0
4544897.0
4441633.0
4479227.0
4504934.0
4500811.0
4532809.0
4519810.0
4452890.0
4503411.0
4466549.0
4460047.0
4533060.0
4514370.0
4487296.0
4477247.0
4446949.0
4492846.0
4562790.0
4495241.0
4526950.0
4546933.0
4500010.0
4441167.0
4488976.0
4491576.0
4465072.0
4517210.0
4535204.0
4435059.0
4463833.0
4498553.0
4476627.0
4509139.0
4525427.0
4471776.0
4569513.0
4492612.0
4410701.0
4522827.0
4419409.0
4547497.0
4484543.0
4532604.0
4490246.0
4469176.0
4565390.0
4481943.0
4466107.0
4478517.0
4528939.0
4509413.0
4487397.0
4543374.0
4544333.0
4460791.0
4468707.0
4509054.0
4506813.0
4540774.0
4510659.0
4461233.0
4480722.0
4481117.0
4534306.0
4521080.0
4555076.0
4530209.0
4484797.0
4479847.0
4566913.0
4457447.0
4476795.0
4492641.0
4416809.0
4524890.0
4469149.0
4444349.0
4428532.0
4486043.0
4450290.0
4458964.0
4413301.0
4509496.0
4518480.0
4432459.0
4507534.0
4531539.0
4508059.0

SiradanCizelgeleme.py

