4503132.0
4469841.0
4516970.0
4462515.0
4548510.0
4526092.0
4497459.0
4542042.0
4494774.0
4514659.0
4501476.0
4543396.0
4551110.0
4495216.0
4558922.0
4460712.0
4532653.0
4520924.0
4504200.0
4490911.0
4478332.0
4489641.0
4453392.0
4472550.0
4480932.0
4505599.0
4477912.0
4502690.0
4479182.0
4502930.0
4555233.0
4495212.0
4466442.0
4518526.0
4504076.0
4530617.0
4515926.0
4510610.0
4465115.0
4512096.0
4467672.0
4458112.0
4483322.0
4473016.0
4493306.0
4527490.0
4521380.0
4535660.0
4493511.0
4532806.0
4444684.0
4533217.0
4475150.0
4540796.0
4486873.0
4489430.0
4530053.0
4517412.0
4518780.0
4518324.0
4472441.0
4450792.0
4485730.0
4483130.0
4505530.0
4481782.0
4497816.0
4480512.0
4527615.0
4500090.0
4515929.0
4557676.0
4501153.0
4523492.0
4505035.0
4506800.0
4461564.0
4489896.0
4536906.0
4495906.0
4552633.0
4529094.0
4522626.0
4513210.0
4544642.0
4517259.0
4447284.0
4494859.0
4479395.0
4520026.0
4497374.0
4475616.0
4469042.0
4484273.0
4530206.0
4500532.0
4511654.0
4518529.0
4526494.0
4514812.0

SiradanCizelgeleme.py

