4435724.0
4461456.0
4428246.0
4453512.0
4499488.0
4488062.0
4447404.0
4521915.0
4507586.0
4441832.0
4461898.0
4522479.0
4466772.0
4429197.0
4506521.0
4519879.0
4485208.0
4500988.0
4453555.0
4493462.0
4450004.0
4515756.0
4484121.0
4456112.0
4502342.0
4467835.0
4496062.0
4479892.0
4447614.0
4540372.0
4469372.0
4510078.0
4492241.0
4469814.0
4446077.0
4489308.0
4476178.0
4484094.0
4467214.0
4474992.0
4511324.0
4478778.0
4519315.0
4537772.0
4505191.0
4491572.0
4503588.0
4494172.0
4481052.0
4494792.0
4508724.0
4521758.0
4439698.0
4507478.0
4464498.0
4508199.0
4443477.0
4417474.0
4456578.0
4492192.0
4465235.0
4530215.0
4431797.0
4434354.0
4478336.0
4541895.0
4433124.0
4525604.0
4425646.0
4445014.0
4459294.0
4431754.0
4518356.0
4486721.0
4485462.0
4477292.0
4510186.0
4413966.0
4453978.0
4524358.0
4486708.0
4472392.0
4503921.0
4464056.0
4499742.0
4461894.0
4450955.0
4544495.0
4507791.0
4411366.0
4496888.0
4442298.0
4482608.0
4420074.0
4475736.0
4439232.0
4481494.0
4523004.0
4507635.0
4483652.0

SiradanCizelgeleme.py

