4518115.0
4514291.0
4470927.0
4471885.0
4499425.0
4517861.0
4472113.0
4503726.0
4516594.0
4486208.0
4515261.0
4474951.0
4537830.0
4502456.0
4445939.0
4554568.0
4506121.0
4452047.0
4424181.0
4509945.0
4452513.0
4464450.0
4543977.0
4468377.0
4490727.0
4495677.0
4540131.0
4495423.0
4480056.0
4474713.0
4471671.0
4515814.0
4542731.0
4480029.0
4517850.0
4518414.0
4442012.0
4443339.0
4511691.0
4463770.0
4472351.0
4461170.0
4501126.0
4518939.0
4430289.0
4540430.0
4499867.0
4482656.0
4490107.0
4494109.0
4446619.0
4521539.0
4439412.0
4479587.0
4468327.0
4515250.0
4520715.0
4427689.0
4474485.0
4465777.0
4498277.0
4474271.0
4455229.0
4494551.0
4449447.0
4512545.0
4536307.0
4532552.0
4444019.0
4492823.0
4421581.0
4531988.0
4502025.0
4450127.0
4497151.0
4503521.0
4517693.0
4541377.0
4499856.0
4452727.0
4457829.0
4476987.0
4533707.0
4502467.0
4521961.0
4489397.0
4520293.0
4491997.0
4449913.0
4499523.0
4496709.0
4461850.0
4477429.0
4496923.0
4488127.0
4487507.0
4480267.0
4477667.0
4483608.0
4519361.0

SiradanCizelgeleme.py

