20	15 
6	14	5	21	8	13	4	11	1	11	14	35	13	20	11	17	10	18	12	11	2	23	3	13	0	15	7	11	9	35
1	35	5	31	0	13	3	26	6	14	9	17	7	38	12	20	10	19	13	12	8	16	4	34	11	15	14	12	2	14
0	30	4	35	2	40	10	35	6	30	14	23	8	29	13	37	7	38	3	40	9	26	12	11	1	40	11	36	5	17
7	40	5	18	4	12	8	23	0	23	9	14	13	16	12	14	10	23	3	12	6	16	14	32	1	40	11	25	2	29
2	35	3	15	12	31	11	28	6	32	4	30	10	27	7	29	0	38	13	11	1	23	14	17	5	27	9	37	8	29
5	33	3	33	6	19	12	40	10	19	0	33	13	26	2	31	11	28	7	36	4	38	1	21	14	25	9	40	8	35
13	25	0	32	11	33	12	18	4	32	6	28	5	15	3	35	9	14	2	34	7	23	10	32	1	17	14	26	8	19
2	16	12	33	9	34	11	30	13	40	8	12	14	26	5	26	6	15	3	21	1	40	4	32	0	14	7	30	10	35
2	17	10	16	14	20	6	24	8	26	3	36	12	22	0	14	13	11	9	20	7	23	1	29	11	23	4	15	5	40
4	27	9	37	3	40	11	14	13	25	7	30	0	34	2	11	5	15	12	32	1	36	10	12	14	28	8	31	6	23
13	25	0	22	3	27	8	14	5	25	6	20	14	18	7	14	1	19	2	17	4	27	9	22	12	22	11	27	10	21
14	34	10	15	0	22	3	29	13	34	6	40	7	17	2	32	12	20	5	39	4	31	11	16	1	37	8	33	9	13
6	12	12	27	4	17	2	24	8	11	5	19	14	11	3	17	9	25	1	11	11	31	13	33	7	31	10	12	0	22
5	22	14	15	0	16	8	32	7	20	4	22	9	11	13	19	1	30	12	33	6	29	11	18	3	34	10	32	2	18
5	27	3	26	10	28	6	37	4	18	12	12	11	11	13	26	7	27	9	40	14	19	1	24	2	18	0	12	8	34
8	15	5	28	9	25	6	32	1	13	7	38	11	11	2	34	4	25	0	20	10	32	3	23	12	14	14	16	13	20
1	15	4	13	8	37	3	14	10	22	5	24	12	26	7	22	9	34	14	22	11	19	13	32	0	29	2	13	6	35
7	36	5	33	13	28	9	20	10	30	4	33	14	29	0	34	3	22	11	12	6	30	8	12	1	35	2	13	12	35
14	26	11	31	5	35	2	38	13	19	10	35	4	27	8	29	3	39	9	13	6	14	7	26	0	17	1	22	12	15
1	36	7	34	11	33	8	17	14	38	6	39	5	16	3	27	13	29	2	16	0	16	4	19	9	40	12	35	10	39
Satýrlar Ýþ, Sütunlar Makine No 
6 5 8 4 1 14 13 11 10 12 2 3 0 7 9 
1 5 14 3 6 9 7 12 10 13 8 4 11 14 2 
0 4 8 10 6 14 8 13 7 3 9 12 1 11 5 
7 5 0 8 0 9 13 12 10 3 6 14 1 11 2 
2 3 4 11 6 4 10 7 0 13 1 14 5 9 8 
5 3 9 12 10 0 13 2 11 7 4 1 14 9 8 
13 0 3 12 4 6 5 3 9 2 7 10 1 14 8 
2 12 9 11 13 8 14 5 6 3 1 4 0 7 10 
2 10 0 6 8 3 12 0 13 9 7 1 11 4 5 
4 9 12 11 13 7 0 2 5 12 1 10 14 8 6 
13 0 10 8 5 6 14 7 1 2 4 9 12 11 10 
14 10 11 3 13 6 7 2 12 5 4 11 1 8 9 
6 12 5 2 8 5 14 3 9 1 11 13 7 10 0 
5 14 4 8 7 4 9 13 1 12 6 11 3 10 2 
5 3 3 6 4 12 11 13 7 9 14 1 2 0 8 
8 5 2 6 1 7 11 2 4 0 10 3 12 14 13 
1 4 0 3 10 5 12 7 9 14 11 13 0 2 6 
7 5 6 9 10 4 14 0 3 11 6 8 1 2 12 
14 11 13 2 13 10 4 8 3 9 6 7 0 1 12 
1 7 11 8 14 6 5 3 13 2 0 4 9 12 10 

Satýrlar Ýþ Sütunlar Ýþlenme Süresi 
14 21 37 11 11 35 20 17 18 11 23 13 15 11 35 
35 31 20 26 14 17 38 20 19 12 16 34 15 12 14 
30 35 13 35 30 23 29 37 38 40 26 11 40 36 17 
40 18 16 23 23 14 16 14 23 12 16 32 40 25 29 
35 15 17 28 32 30 27 29 38 11 23 17 27 37 29 
33 33 25 40 19 33 26 31 28 36 38 21 25 40 35 
25 32 27 18 32 28 15 35 14 34 23 32 17 26 19 
16 33 34 30 40 12 26 26 15 21 40 32 14 30 35 
17 16 22 24 26 36 22 14 11 20 23 29 23 15 40 
27 37 31 14 25 30 34 11 15 32 36 12 28 31 23 
25 22 28 14 25 20 18 14 19 17 27 22 22 27 21 
34 15 33 29 34 40 17 32 20 39 31 16 37 33 13 
12 27 35 24 11 19 11 17 25 11 31 33 31 12 22 
22 15 12 32 20 22 11 19 30 33 29 18 34 32 18 
27 26 40 37 18 12 11 26 27 40 19 24 18 12 34 
15 28 40 32 13 38 11 34 25 20 32 23 14 16 20 
15 13 13 14 22 24 26 22 34 22 19 32 29 13 35 
36 33 19 20 30 33 29 34 22 12 30 12 35 13 35 
26 31 28 38 19 35 27 29 39 13 14 26 17 22 15 
36 34 33 17 38 39 16 27 29 16 16 19 40 35 39 

Hello 
0 1 2 3 4 5 6 7 8 9 10 11 12 13 14 15 16 17 18 19 
0 1 2 3 4 5 6 7 8 9 10 11 12 13 14 15 16 17 18 19 
0 1 2 3 4 5 6 7 8 9 10 11 12 13 14 15 16 17 18 19 
0 1 2 3 4 5 6 7 8 9 10 11 12 13 14 15 16 17 18 19 
0 1 2 3 4 5 6 7 8 9 10 11 12 13 14 15 16 17 18 19 
0 1 2 3 4 5 6 7 8 9 10 11 12 13 14 15 16 17 18 19 
0 1 2 3 4 5 6 7 8 9 10 11 12 13 14 15 16 17 18 19 
0 1 2 3 4 5 6 7 8 9 10 11 12 13 14 15 16 17 18 19 
0 1 2 3 4 5 6 7 8 9 10 11 12 13 14 15 16 17 18 19 
0 1 2 3 4 5 6 7 8 9 10 11 12 13 14 15 16 17 18 19 
0 1 2 3 4 5 6 7 8 9 10 11 12 13 14 15 16 17 18 19 
0 1 2 3 4 5 6 7 8 9 10 11 12 13 14 15 16 17 18 19 
0 1 2 3 4 5 6 7 8 9 10 11 12 13 14 15 16 17 18 19 
0 1 2 3 4 5 6 7 8 9 10 11 12 13 14 15 16 17 18 19 
0 1 2 3 4 5 6 7 8 9 10 11 12 13 14 15 16 17 18 19 

Hello 
15 13 30 23 38 33 32 14 14 34 22 22 22 16 12 20 29 34 17 16 
11 35 40 40 23 21 17 40 29 36 19 37 11 30 24 13 15 35 22 36 
23 14 40 29 35 31 34 16 17 11 17 32 24 18 18 34 13 13 38 16 
13 26 40 12 15 33 35 21 36 40 27 29 17 34 26 23 14 22 39 27 
11 34 35 12 30 38 32 32 15 27 27 31 17 22 18 25 13 33 27 19 
21 31 17 18 27 33 15 26 40 15 25 39 19 22 27 28 24 33 35 16 
14 14 30 16 32 19 28 15 24 23 20 40 12 29 37 32 35 30 14 39 
11 38 38 40 29 36 23 30 23 30 14 17 31 20 27 38 22 36 26 34 
13 16 29 23 29 35 19 12 26 31 14 33 11 32 34 15 37 12 29 17 
35 17 26 14 37 40 14 34 20 37 22 13 25 11 40 25 34 20 13 40 
18 19 35 23 27 19 32 35 16 12 21 15 12 32 28 32 22 30 35 39 
17 15 36 25 28 28 33 30 23 14 27 16 31 18 11 11 19 12 31 33 
11 20 11 14 31 40 18 33 22 32 22 20 27 33 12 14 26 35 15 35 
20 12 37 16 11 26 25 40 11 25 25 34 33 19 26 20 32 28 19 29 
35 12 23 32 17 25 26 26 20 28 18 34 11 15 19 16 22 29 26 38 

Hello 
0 14 28 48 59 70 105 125 142 160 171 194 207 222 233 
0 35 33 79 105 119 136 174 194 213 225 241 275 290 302 
0 30 35 105 140 170 193 222 259 297 337 363 374 414 450 
0 40 37 70 93 116 130 146 160 183 195 211 243 283 308 
0 35 39 81 109 141 171 198 227 265 276 299 316 343 380 
0 33 43 85 125 144 177 203 234 262 298 336 357 382 422 
0 25 47 90 108 140 168 183 218 232 266 289 321 338 364 
0 16 49 83 113 153 165 191 217 232 253 293 325 339 369 
0 17 49 53 77 103 139 161 175 186 206 229 258 281 296 
0 27 50 104 118 143 173 207 218 233 265 301 313 341 372 
0 25 53 74 88 113 133 151 165 184 201 228 250 272 299 
0 34 57 71 100 134 174 191 223 243 282 313 329 366 399 
0 12 57 56 80 91 110 121 138 163 174 205 238 269 281 
0 22 58 53 85 105 127 138 157 187 220 249 267 301 333 
0 27 64 81 118 136 148 159 185 212 252 271 295 313 325 
0 15 65 68 100 113 151 162 196 221 241 273 296 310 326 
0 15 66 65 79 101 125 151 173 207 229 248 280 309 322 
0 36 66 97 117 147 180 209 243 265 277 307 319 354 367 
0 26 69 92 130 149 184 211 240 279 292 306 332 349 371 
0 36 70 103 120 158 197 213 240 269 285 301 320 360 395 

Hello 
213 234 175 258 269 304 324 341 359 370 393 406 421 432 467 
186 217 184 256 270 287 325 345 364 376 392 426 441 453 467 
30 65 247 140 170 193 222 259 297 337 363 374 414 450 467 
170 188 169 223 246 260 276 290 313 325 341 373 413 438 467 
93 108 220 167 199 229 256 285 323 334 357 374 401 438 467 
43 76 189 135 154 187 213 244 272 308 346 367 392 432 467 
109 141 221 192 224 252 267 302 316 350 373 405 422 448 467 
79 112 146 176 216 228 254 280 295 316 356 388 402 432 467 
148 164 126 208 234 270 292 306 317 337 360 389 412 427 467 
99 136 139 190 215 245 279 290 305 337 373 385 413 444 467 
172 194 189 235 260 280 298 312 331 348 375 397 419 446 467 
89 104 174 155 189 229 246 278 298 337 368 384 421 454 467 
176 203 173 244 255 274 285 302 327 338 369 402 433 445 467 
138 153 200 201 221 243 254 273 303 336 365 383 417 449 467 
135 161 176 226 244 256 267 293 320 360 379 403 421 433 467 
136 164 105 221 234 272 283 317 342 362 394 417 431 447 467 
125 138 230 189 211 235 261 283 317 339 358 390 419 432 467 
101 134 95 182 212 245 274 308 330 342 372 384 419 432 467 
107 138 162 211 230 265 292 321 360 373 387 413 430 452 467 
69 103 136 153 191 230 246 273 302 318 334 353 393 428 467 
